4.83567867393667 1.4653535040438879 0.6681973140636748
2.94117238451257 1.811713897725056 -0.6460098005399093
-12.235517216499868 6.387567169447713 -9.242162137688316
6.523978407737107 0.7503317289032021 1.4331889702593879
7.270480191875926 0.5442234244981661 2.3520855885303176
7.869974251832601 0.36202618463353753 3.0018468305257837
7.869974251832601 0.36202618463353753 3.0018468305257837
7.811649246211298 0.3910525333823016 3.0511507580364876
9.159969062172454 0.5579932237758434 3.685746417212984
9.34384394673388 0.49421875974064466 3.5759095000618526
9.34384394673388 0.49421875974064466 3.5759095000618526
-13.341256129649516 4.087851478687389 -14.167765694970695
7.179428361758173 0.5802745288483859 2.3663043279075406
7.172150474487694 0.57672101251297 2.360181415578743
4.785813682038562 0.8905696240253587 3.1504680306872714
7.258433367447134 -0.2611542549385484 6.435681741001835
-12.479923374045633 10.95211969188129 -12.50746684078304
6.391951467796369 -0.47635195924748075 7.412802160000681
-11.154086692609336 7.052898002274965 -16.61565382635539
3.638037125596151 0.5971019659429566 3.518609524548835
3.6321530021202104 0.6128677205790303 3.4689155101832476
3.613080909809346 0.6033234433234536 3.448161296818407
3.59392061973457 0.5938048331951895 3.427515443308045
3.416997640861965 0.7525375840148052 4.09918830005403
5.113748575954617 -1.293408277691453 1.5721910603369889
3.043292228299914 -0.14838713175592488 4.781947992999322
3.285945171050995 0.45392060779595256 4.321980355340863
3.3740295990157456 0.8128410467071645 3.3750882692283097
3.446077091955406 0.6095110669227157 3.1832674859900605
3.404997021116192 0.3410932176583088 3.4638705946811967
3.515766576697155 0.7583251685017025 3.2247223815241295
4.454974080120486 -0.7770511239519471 1.9140250161565673
3.364435407299159 0.37268222979327925 3.4110003405562876
-0.7122920376048725 2.7568908476169356 -0.811643403756177
3.6431044990372534 0.4525810723340995 3.9171028302402187
-9.428239684036416 5.843161644732248 -14.162002332850047
1.2717766682236924 1.5749199487005492 1.6041049653509578
8.360468838921435 -3.254808860427297 0.03515370233357196
2.7538794773844435 0.49707482763478983 3.654094581704369
6.179745376516307 -1.8061715201850814 0.1078261445993638
2.969434790879913 0.6117816835521284 3.4766715551333247
1.0546183288533522 1.4756055171266167 1.292696119582562
-8.358258725547023 7.608700971859805 1.1891125678950285
-12.82683479017459 11.312888180844425 1.177642474412516
-13.490967330680622 10.599134087020849 1.021703689306447
3.397414993403477 -0.2078205700250504 4.114665620468365
3.5000976758527638 0.10543047356224111 3.296749199048773
3.58446418178284 13.126824394630582 6.98598393987257
3.58446418178284 13.126824394630582 6.98598393987257
3.96449900289927 10.447397195895299 2.5851492400244718
3.7843425592544664 10.553529644177503 4.8438547277198145
5.084684321424478 13.123700108433788 7.295933938891901
4.965152262259603 14.18259664204429 4.739613728919884
5.0815090220680705 13.121000815137386 7.286575596825123
-15.828727014769836 -17.70076911737014 -16.146689128423255
-14.592381164215672 -15.821079864603531 -14.8456397833068
4.4175363326725625 12.249353912113499 6.364027089992382
4.4175363326725625 12.249353912113499 6.364027089992382
-16.762468318417433 -22.0573584418982 -11.903626945926876
3.737891369776439 13.436373111581336 7.694356031561531
3.632407282750759 10.379262873580267 4.612473440547548
3.650061350203256 10.403311862837224 4.613841225445281
-17.958751092857838 -17.736928940068182 -13.722109077251122
4.4174468247036245 12.691248160004864 5.890078978469293
-16.880021466628726 -22.98203723973778 -14.344384184184912
5.505643707159739 14.654837490343546 1.2690859962120777
-11.90387143192647 -18.120169708572597 -13.723878624969858
-16.283674463051224 -17.41853742018096 -11.430451055099052
-14.523911778318498 -18.999718112544244 -11.620143585967952
3.3127463815039384 13.465531268181245 3.5200459614800934
5.433306688774422 12.723537940679698 3.304910935503047
-11.23307229118974 -14.466333207623585 -18.17355317127921
-17.01100932483 -10.382704946279345 -17.47521219624504
4.622550714966947 12.682110186422053 4.946397855515036
5.07887363211227 13.224535345813067 2.3013589749423753
5.012713262169999 13.231619520265014 2.318317212715744
-16.584903203182364 -17.88666139236364 -7.916194455460877
-16.699074297642795 -11.353459387614462 -23.63552050221198
3.631433258469762 10.929233597990077 -0.3724936094513378
4.382150374060051 10.99651578053026 1.9163671764535666
3.9216562748993766 9.817626027523664 5.62742248207639
-20.35798782346174 -21.70598674416344 -6.377781228269591
4.65764392795729 8.664123997773354 4.652643353931416
-14.498247876709467 -12.552046299405124 -21.069092287252282
-18.26256498995167 -10.381348241993635 -18.068291525078724
5.104036193335137 8.036379612315663 6.589395341145836
4.790442262682253 9.898820153081124 4.08580997594458
4.236308032870722 10.04405384351315 0.3100815174382294
-12.805069293045992 -15.659955250733894 -18.350843985968275
-12.805069293045992 -15.659955250733894 -18.350843985968275
4.419914370033211 13.022464487023433 2.624535589016859
-11.512595740536096 -7.08399492482189 -11.098276961579652
5.329260342151216 11.99985103545408 7.0784258790571855
4.028086237956903 10.967469022426219 1.9653624511460794
6.473017206753904 13.178852719014738 2.4587356580361384
6.473017206753904 13.178852719014738 2.4587356580361384
5.418391848050915 12.495748150136846 6.253754493366479
7.321670078357414 12.484481719856866 3.8872498490368503
-19.924635155656496 -14.723921557011325 -11.544609064814498
-20.784978045391114 -13.491255854010971 -11.49065239968684
-19.264306295804836 -16.553693041141617 -10.07911999911057
-18.66968732751605 -18.423943122414705 -12.61555277239357
5.986134604280356 12.093432977738662 6.770875184040503
5.986134604280356 12.093432977738662 6.770875184040503
4.5133697551324445 13.329112420369963 2.6040520447940523
-12.899199560131741 -17.60627277237417 -14.901228441097462
5.518127389833219 9.402483701483092 9.533429294223435
5.115191626984244 11.947493494322044 6.5599499818130695
5.115191626984244 11.947493494322044 6.5599499818130695
-14.91317640896441 -13.804399801801507 -12.127099845374284
4.648253206201732 12.715779228782344 5.176994178952482
-17.796722063953247 -17.45936111673385 -8.506969446875601
-17.094381358261337 -9.394285496659473 -17.815611329452658
-19.975257158861652 -13.477421150011734 -10.540667139100718
5.117398276255649 12.27068830803008 5.452011801348812
-16.46517056522135 -15.687162907780195 -12.756612644308673
5.602280487768283 9.386421539509827 9.6113658099061
5.618932222533433 13.143215853502412 2.310099608050386
-15.556026999717545 -18.552341193306884 -7.786798811145717
6.045097787646284 12.129365853474532 3.4474224221103986
5.743945910285499 11.710785552460871 3.2391267667183303
4.8794828560087575 11.76565080974757 5.6499673564807145
-19.436049927654565 -21.98835198277983 -9.941293510971107
2.104298944481891 12.094868016208029 3.8242760378302334
4.6084503958916185 14.477708702940145 2.285437362725599
-16.793026645164815 -18.070326561533108 -11.853376183398773
-16.26660762980129 -17.332492961594152 -16.19153823692652
6.208635042081149 12.448029727150264 5.583449215462071
-15.39008161256742 -16.85355110783775 -10.139914075694708
-16.48922448766526 -14.328395177552814 -14.522338017529282
-18.60013262186348 -9.633732908749542 -15.856384994338374
-15.521324298024087 -17.41358015316388 -14.075985086107176
5.769123187652916 12.738832389867373 6.410828615017014
-15.67331969966879 -19.435898737563413 -11.143758580332694
4.871260186959506 11.472844470288646 7.160778300736564
5.528761330247176 12.272399745863142 6.678412456761472
-10.92019417947893 -14.303148692392853 -20.95011071938021
-17.911314121121418 -15.33423464410685 -16.518232010676783
-21.64412540419006 -15.905142058066406 -16.42128091887033
-16.88314832091565 -12.818657418396329 -15.81338605872163
-20.13771079938168 -14.661196503290613 -10.348606337578119
6.107139300516784 12.637830622601903 3.219887585688336
6.286808899651124 12.320557757150794 2.9576021347000125
6.261055065258108 11.119732621346316 6.372919346162378
6.261055065258108 11.119732621346316 6.372919346162378
6.257789401517083 11.116991652839678 6.364181195044925
6.254542642329561 11.114226059207196 6.355458142013053
7.376805960540411 11.493996265692418 3.6261164344134706
6.678824444787626 11.65613715461763 6.554726482144273
6.673624964002488 11.656729349044685 6.530943236409674
4.838859137823784 10.356891296573384 9.56950589181272
-13.895332695844555 -14.168506748073554 -18.203663105739256
6.2128970342127285 9.03395180936516 10.124224309533696
5.142714728922733 7.721205110507089 8.11720728521367
5.142714728922733 7.721205110507089 8.11720728521367
